m = 1;
L = 0.108;
d = 0.0150;
init_U = 1000;